273418969,
62513246,
1957568797,
19217369,
14749070,
1071585991,
15143478,
95994080,
1427361863830949908,
595822244,
18988705,
340387261,
1035122024320983040,
823307478360150018,
162124540,
45176933,
1976143068,
17066733,
1188971165424865280,
55769345,
15241557,
1636590253,
16076032,
3072160164,
17842366,
1592542747726069766,
4767021,
1663172653,
5405152,
3918111614,
945817135816654848,
4885277053,
1076061,
3840,
1399766153053061121,
1137701,
2530947115,
783214,
15726728,
19562228,
29472803,
72862939,
34719119,
1605,
18989355,
300878435,
541882699,
38271276,
11417802,
895332160130891776,
276540738,
959471389282578432,
17663776,
2292565884,
2993230373,
1179892477714718721,
76980293,
958324785229934593,
1720046887,
2997418453,
4914384040,
30699048,
177101260,
1346194631982247943,
1402156691186241538,
3669881952,
1068831,
1359595748942372867,
822825713615175680,
1279551125264445448,
16178922,
2445883045,
2235729541,
33836629,
85891683,
23116280,
776585502606721024,
49310901,
1024391197,
1100520274200416256,
3346820638,
410605574,
169686021,
1201427034754318337,
81961201,
4398626122,
175624200,
1526643050,
12,
344538987,
29873662,
18208354,
3167257102,
2444425802,
21292523,
760345658,
2263452746,
2907774137,
2263437272,
3101588527,
905158770107568133,
26572460,
25422302,
446719282,
19725644,
987978757,
150732943,
2361631088,
427089628,
1091459141397180416,
621573,
851773048973807617,
20972371,
22677790,
137857547,
5943622,
3429950987,
7267562,
64488804,
1558996520,
11150432,
14171401,
289476502,
5402612,
255784266,
2436389418,
176774540,
692023,
3511430425,
729468343,
19802879,
1451773004,
859816394556284929,
511402689,
1654188770,
287568380,
23504870,
1582853809,
2329316496,
11348282,
38430500,
209811713,
2251623492,
1282121312,
259771124,
316327930,
17248121,
1182382878,
16689804,
13298072,
34743251